Chr	Start	Stop	Class	Ratio
1	2133000	3089000	right	0
1	3089000	3497000	left	0
1	3497000	4722000	right	0
1	5223000	6428000	left	0
1	6428000	7324000	right	0
1	7324000	9612000	left	0
1	11495000	12257000	left	0
1	12257000	14445000	right	0
1	14445000	15930000	left	0
1	17506000	18517000	right	0
1	18517000	19476000	left	0
1	28439000	30408000	right	0
1	30408000	31821000	left	0
1	33314000	34468000	right	0
1	34468000	36552000	left	0
1	36552000	37475000	right	0
1	37475000	38309000	left	0
1	38309000	38913000	right	0
1	47839000	49368000	right	0
1	49975000	52039000	left	0
1	52039000	52812000	right	0
1	55204000	56298000	right	0
1	58220000	59303000	left	0
1	59303000	60613000	right	0
1	60613000	61910000	left	0
1	61910000	63153000	right	0
1	63153000	64208000	left	0
1	64208000	64994000	right	0
1	64994000	65389000	left	0
1	65389000	66926000	right	0
1	66926000	68104000	left	0
1	68104000	69857000	right	0
1	77146000	78293000	left	0
1	78293000	79464000	right	0
1	83722000	84794000	left	0
1	85894000	86488000	right	0
1	86488000	87304000	left	0
1	95094000	96557000	right	0
1	108329000	110065000	left	0
1	110065000	111945000	right	0
1	111945000	113470000	left	0
1	113470000	115605000	right	0
1	115605000	116952000	left	0
1	116952000	119022000	right	0
1	119346000	120423000	left	0
1	120423000	121459000	right	0
1	149100000	150905000	left	0
1	151615000	152655000	right	0
1	152655000	153962000	left	0
1	156511000	158952000	right	0
1	158952000	160946000	left	0
1	160946000	161847000	right	0
1	166165000	167324000	left	0
1	172706000	173340000	right	0
1	177029000	178468000	left	0
1	178468000	179315000	right	0
1	179315000	180883000	left	0
1	180883000	181967000	right	0
1	181967000	183266000	left	0
1	198993000	201239000	left	0
1	210774000	212051000	left	0
1	212051000	213717000	right	0
1	213717000	214630000	left	0
1	222160000	224124000	left	0
1	224124000	225055000	right	0
1	225055000	226023000	left	0
1	229244000	230338000	right	0
1	230338000	231232000	left	0
1	231232000	232079000	right	0
1	232079000	232948000	left	0
1	235276000	237371000	right	0
1	244744000	246034000	right	0
1	246034000	246924000	left	0
2	7350000	10198000	left	0
2	11516000	12757000	right	0
2	18887000	20465000	left	0
2	20465000	21961000	right	0
2	28784000	29961000	right	0
2	31430000	32489000	left	0
2	32489000	33689000	right	0
2	36119000	37305000	left	0
2	38020000	38727000	left	0
2	38727000	40978000	right	0
2	40978000	42407000	left	0
2	44020000	45126000	right	0
2	53318000	55175000	left	0
2	55175000	56483000	right	0
2	60238000	62256000	left	0
2	62256000	63607000	right	0
2	63607000	65116000	left	0
2	65116000	66638000	right	0
2	68107000	70116000	left	0
2	70116000	72249000	right	0
2	73663000	74652000	left	0
2	74652000	75846000	right	0
2	83912000	85463000	left	0
2	85463000	87895000	right	0
2	95312000	97035000	left	0
2	97035000	100393000	right	0
2	100393000	101790000	left	0
2	101790000	104250000	right	0
2	104919000	106064000	left	0
2	106064000	107494000	right	0
2	113585000	115584000	right	0
2	119552000	121117000	left	0
2	122267000	123472000	right	0
2	126971000	128352000	left	0
2	128352000	129606000	right	0
2	164697000	165739000	left	0
2	167933000	169437000	left	0
2	169437000	169953000	right	0
2	172154000	173251000	left	0
2	177047000	178184000	left	0
2	178184000	179303000	right	0
2	181372000	182671000	left	0
2	182671000	183934000	right	0
2	189327000	191607000	left	0
2	191607000	193650000	right	0
2	199931000	201879000	left	0
2	204143000	205950000	right	0
2	205950000	206895000	left	0
2	206895000	207743000	right	0
2	207743000	208766000	left	0
2	208766000	209876000	right	0
2	216107000	217229000	left	0
2	217229000	218106000	right	0
2	218106000	219859000	left	0
2	219859000	221461000	right	0
2	224580000	226205000	right	0
2	226205000	228094000	left	0
2	228094000	229793000	right	0
2	230450000	232121000	left	0
2	232121000	233051000	right	0
2	233051000	238762000	left	0
2	238762000	240630000	right	0
3	4071000	5006000	left	0
3	5006000	6203000	right	0
3	7785000	9971000	left	0
3	9971000	11027000	right	0
3	11027000	12543000	left	0
3	12543000	13670000	right	0
3	13670000	14513000	left	0
3	14513000	17046000	right	0
3	22725000	24378000	left	0
3	29287000	30542000	left	0
3	30542000	31309000	right	0
3	31309000	32330000	left	0
3	36133000	38093000	left	0
3	38093000	38873000	right	0
3	38873000	39213000	left	0
3	39213000	40032000	right	0
3	41432000	42691000	left	0
3	42691000	44063000	right	0
3	44063000	45366000	left	0
3	45366000	46486000	right	0
3	46486000	47684000	left	0
3	50239000	51167000	right	0
3	51167000	52438000	left	0
3	52438000	54531000	right	0
3	55902000	58254000	left	0
3	58254000	59503000	right	0
3	61904000	66305000	left	0
3	66305000	67573000	right	0
3	68366000	69333000	left	0
3	69333000	70210000	right	0
3	97569000	98586000	left	0
3	98586000	99333000	right	0
3	99333000	100124000	left	0
3	100124000	100875000	right	0
3	100875000	101634000	left	0
3	101634000	102850000	right	0
3	106789000	107765000	left	0
3	107765000	108972000	right	0
3	110587000	111576000	left	0
3	111576000	112919000	right	0
3	1.23e+08	124550000	left	0
3	124550000	126271000	right	0
3	126536000	127520000	left	0
3	127520000	127893000	right	0
3	127893000	128795000	left	0
3	128795000	130663000	right	0
3	132429000	133962000	left	0
3	133962000	137405000	right	0
3	137405000	138726000	left	0
3	138726000	140017000	right	0
3	140017000	141253000	left	0
3	142239000	143594000	right	0
3	147972000	149212000	left	0
3	149212000	149640000	right	0
3	154729000	155856000	left	0
3	156663000	157677000	right	0
3	167750000	169779000	left	0
3	171957000	173330000	right	0
3	176091000	177055000	left	0
3	177055000	178252000	right	0
3	181442000	182775000	left	0
3	184898000	185383000	left	0
3	185383000	187147000	right	0
3	187147000	187694000	left	0
3	187694000	188427000	right	0
3	188427000	188804000	left	0
3	191760000	193942000	left	0
4	3136000	4620000	right	0
4	5467000	6848000	left	0
4	6848000	7443000	right	0
4	7443000	8074000	left	0
4	8074000	9219000	right	0
4	9219000	11515000	left	0
4	11515000	12692000	right	0
4	14990000	15977000	left	0
4	15977000	17023000	right	0
4	23451000	24754000	left	0
4	25721000	27629000	right	0
4	36674000	38247000	left	0
4	38247000	39015000	right	0
4	39015000	39721000	left	0
4	40412000	41994000	right	0
4	47309000	48287000	left	0
4	54725000	55481000	right	0
4	55481000	56553000	left	0
4	70728000	71688000	left	0
4	73627000	75117000	left	0
4	75117000	76317000	right	0
4	76317000	77545000	left	0
4	77545000	80419000	right	0
4	80419000	81071000	left	0
4	81071000	81890000	right	0
4	81890000	84011000	left	0
4	84011000	85227000	right	0
4	87276000	88150000	left	0
4	102858000	103663000	left	0
4	103663000	104710000	right	0
4	105189000	106703000	left	0
4	106703000	107853000	right	0
4	114803000	115487000	left	0
4	115487000	116393000	right	0
4	123165000	124394000	left	0
4	124394000	125590000	right	0
4	127993000	129091000	left	0
4	129091000	130338000	right	0
4	139612000	140843000	left	0
4	140843000	142111000	right	0
4	147731000	148584000	left	0
4	148584000	149373000	right	0
4	150396000	152191000	left	0
4	152191000	152954000	right	0
4	152954000	153893000	left	0
4	153893000	155246000	right	0
4	159863000	160753000	right	0
4	168271000	169925000	left	0
4	169925000	171368000	right	0
4	183260000	184272000	left	0
4	184272000	184862000	right	0
4	184862000	185552000	left	0
4	185552000	187004000	right	0
4	187004000	187757000	left	0
4	187757000	188665000	right	0
5	762000	2508000	right	0
5	9537000	10346000	left	0
5	10346000	11175000	right	0
5	13334000	14827000	left	0
5	14827000	15728000	right	0
5	15728000	16789000	left	0
5	16789000	17844000	right	0
5	31331000	32258000	left	0
5	32258000	33185000	right	0
5	35719000	36601000	left	0
5	37209000	38349000	right	0
5	39917000	40693000	left	0
5	40693000	41449000	right	0
5	42330000	43380000	left	0
5	43380000	44228000	right	0
5	53124000	54200000	left	0
5	55970000	56698000	left	0
5	56698000	58291000	right	0
5	63532000	65259000	left	0
5	65259000	65912000	right	0
5	65912000	66367000	left	0
5	68004000	68854000	left	0
5	70949000	71657000	right	0
5	71657000	72702000	left	0
5	75336000	75965000	left	0
5	75965000	76926000	right	0
5	76926000	77964000	left	0
5	77964000	78786000	right	0
5	78786000	79548000	left	0
5	79548000	80241000	right	0
5	81852000	82378000	right	0
5	90531000	91359000	right	0
5	94189000	96036000	left	0
5	96036000	97158000	right	0
5	97158000	98320000	left	0
5	98320000	99226000	right	0
5	105622000	106682000	left	0
5	106682000	107520000	right	0
5	113861000	114711000	left	0
5	114711000	115762000	right	0
5	118695000	119526000	right	0
5	124916000	125731000	left	0
5	125731000	126458000	right	0
5	126458000	127275000	left	0
5	127275000	128183000	right	0
5	130670000	132138000	left	0
5	132138000	132869000	right	0
5	132869000	133801000	left	0
5	133801000	134934000	right	0
5	134934000	135293000	left	0
5	135293000	136367000	right	0
5	136367000	137745000	left	0
5	139685000	140477000	right	0
5	140477000	141371000	left	0
5	141522000	143727000	right	0
5	144082000	145321000	left	0
5	145321000	146333000	right	0
5	147626000	148513000	left	0
5	149464000	151900000	right	0
5	152791000	154033000	left	0
5	154033000	155006000	right	0
5	157311000	158074000	right	0
5	158843000	159720000	left	0
5	159720000	160862000	right	0
5	166878000	167940000	left	0
5	167940000	169217000	right	0
5	170705000	171887000	left	0
5	171887000	173012000	right	0
5	173012000	173866000	left	0
5	173866000	174908000	right	0
5	174908000	176036000	left	0
5	176036000	178310000	right	0
5	178310000	179083000	left	0
6	1278000	2056000	right	0
6	2056000	2840000	left	0
6	3908000	5578000	right	0
6	5864000	7232000	left	0
6	7232000	8665000	right	0
6	9824000	11236000	left	0
6	11236000	11871000	right	0
6	11871000	12415000	left	0
6	12415000	12980000	right	0
6	12980000	13684000	left	0
6	13684000	14587000	right	0
6	17056000	18036000	left	0
6	18036000	19150000	right	0
6	19598000	20371000	left	0
6	20371000	20841000	right	0
6	23874000	25125000	left	0
6	25125000	25945000	right	0
6	29129000	30227000	left	0
6	31768000	32551000	right	0
6	32551000	33514000	left	0
6	37023000	38388000	right	0
6	38388000	39049000	left	0
6	39049000	40193000	right	0
6	40193000	41749000	left	0
6	44140000	44937000	right	0
6	44937000	45590000	left	0
6	45590000	46239000	right	0
6	46239000	47213000	left	0
6	47213000	48303000	right	0
6	51377000	52523000	left	0
6	52523000	54487000	right	0
6	55537000	56472000	left	0
6	56472000	57511000	right	0
6	70267000	71116000	left	0
6	71116000	72075000	right	0
6	73234000	74262000	left	0
6	74262000	75080000	right	0
6	75404000	76467000	left	0
6	76467000	77304000	right	0
6	79121000	82500000	left	0
6	82500000	83499000	right	0
6	85331000	86120000	left	0
6	86120000	87125000	right	0
6	89959000	90777000	right	0
6	105047000	106554000	left	0
6	107097000	107866000	right	0
6	108315000	109376000	left	0
6	109376000	110464000	right	0
6	111290000	111990000	left	0
6	111990000	113053000	right	0
6	124717000	126285000	left	0
6	126285000	127233000	right	0
6	129328000	130023000	left	0
6	130023000	130673000	right	0
6	130673000	131396000	left	0
6	131396000	132310000	right	0
6	132310000	132965000	left	0
6	132965000	133674000	right	0
6	133674000	135547000	left	0
6	135547000	136263000	right	0
6	136263000	137233000	left	0
6	137233000	137874000	right	0
6	141713000	142810000	left	0
6	142810000	143453000	right	0
6	149199000	150028000	left	0
6	150028000	150685000	right	0
6	154123000	155236000	left	0
6	155236000	156423000	right	0
6	156423000	157886000	left	0
6	159125000	160090000	right	0
6	160090000	160602000	left	0
6	160602000	161546000	right	0
6	165939000	167888000	left	0
6	168170000	169777000	right	0
7	1483000	2139000	right	0
7	2139000	2667000	left	0
7	2667000	3990000	right	0
7	3990000	6370000	left	0
7	6370000	8833000	right	0
7	15620000	17038000	left	0
7	17038000	18986000	right	0
7	19270000	20275000	left	0
7	20275000	20959000	right	0
7	20959000	22434000	left	0
7	22877000	23475000	left	0
7	23475000	24308000	right	0
7	24308000	25090000	left	0
7	25090000	25691000	right	0
7	25691000	26071000	left	0
7	26071000	26656000	right	0
7	26656000	27688000	left	0
7	27688000	28377000	right	0
7	28377000	30827000	left	0
7	30827000	31941000	right	0
7	31941000	32978000	left	0
7	32978000	33678000	right	0
7	35320000	36253000	left	0
7	36253000	37319000	right	0
7	38937000	39662000	left	0
7	39662000	40599000	right	0
7	43122000	44209000	left	0
7	44743000	45692000	right	0
7	45692000	47759000	left	0
7	47759000	48790000	right	0
7	49825000	51088000	left	0
7	51088000	52397000	right	0
7	54331000	55110000	left	0
7	55615000	56702000	right	0
7	63954000	66327000	left	0
7	66327000	67403000	right	0
7	71495000	72935000	left	0
7	75922000	76587000	right	0
7	76587000	77126000	left	0
7	77126000	78189000	right	0
7	89182000	89874000	left	0
7	89874000	90590000	right	0
7	90989000	92312000	left	0
7	92312000	93309000	right	0
7	97046000	98019000	left	0
7	98019000	98362000	right	0
7	98362000	100128000	left	0
7	100128000	101639000	right	0
7	101639000	102119000	left	0
7	102119000	103662000	right	0
7	103662000	104763000	left	0
7	104763000	106821000	right	0
7	106821000	107711000	left	0
7	107711000	108721000	right	0
7	115156000	116364000	left	0
7	116364000	118062000	right	0
7	120334000	121064000	left	0
7	121064000	122069000	right	0
7	123446000	124201000	right	0
7	126694000	128330000	left	0
7	128330000	128942000	right	0
7	128942000	129491000	left	0
7	129491000	130118000	right	0
7	130118000	130705000	left	0
7	130705000	131796000	right	0
7	133429000	134113000	left	0
7	137097000	139821000	left	0
7	139821000	141049000	right	0
7	141049000	142647000	left	0
7	142647000	144383000	right	0
7	147798000	148778000	left	0
7	148778000	149540000	right	0
7	149540000	150966000	left	0
7	150966000	152243000	right	0
7	154133000	155297000	left	0
7	155297000	156145000	right	0
7	156145000	156989000	left	0
7	156989000	157871000	right	0
8	1090000	1818000	left	0
8	1818000	2655000	right	0
8	7364000	8663000	left	0
8	8663000	9823000	right	0
8	9823000	10504000	left	0
8	10504000	10990000	right	0
8	10990000	11568000	left	0
8	11568000	12797000	right	0
8	16057000	17710000	left	0
8	17710000	18433000	right	0
8	18433000	19100000	left	0
8	19100000	19833000	right	0
8	21047000	22027000	left	0
8	22500000	23940000	right	0
8	24410000	25025000	left	0
8	25025000	25543000	right	0
8	25543000	26178000	left	0
8	26178000	26901000	right	0
8	26901000	27510000	left	0
8	27510000	27826000	right	0
8	27826000	28329000	left	0
8	28329000	28719000	right	0
8	28719000	29309000	left	0
8	29309000	31238000	right	0
8	36311000	37593000	left	0
8	37593000	38362000	right	0
8	38362000	38610000	left	0
8	38610000	39477000	right	0
8	39477000	39980000	left	0
8	39980000	40707000	right	0
8	40707000	41814000	left	0
8	42156000	43614000	right	0
8	47526000	48825000	left	0
8	48825000	50297000	right	0
8	52330000	53256000	left	0
8	53256000	54150000	right	0
8	55974000	56829000	left	0
8	56829000	57518000	right	0
8	60934000	62689000	left	0
8	62689000	63601000	right	0
8	65982000	67453000	left	0
8	67453000	68628000	right	0
8	73514000	74342000	left	0
8	80158000	81035000	left	0
8	81035000	81677000	right	0
8	90127000	90832000	left	0
8	94026000	95072000	left	0
8	95988000	96960000	right	0
8	98180000	98910000	left	0
8	98910000	99391000	right	0
8	99391000	99908000	left	0
8	99908000	100566000	right	0
8	100566000	101669000	left	0
8	101669000	103020000	right	0
8	103020000	103817000	left	0
8	103817000	104800000	right	0
8	118202000	119147000	left	0
8	119147000	119414000	right	0
8	119414000	120017000	left	0
8	120017000	121342000	right	0
8	121342000	121900000	left	0
8	121900000	123199000	right	0
8	123199000	124634000	left	0
8	124634000	125760000	right	0
8	125760000	126462000	left	0
8	126462000	127250000	right	0
8	127250000	128500000	left	0
8	128500000	130178000	right	0
8	130178000	131108000	left	0
8	131108000	132273000	right	0
8	133201000	134652000	left	0
8	134652000	135346000	right	0
8	139629000	142215000	left	0
8	142215000	142949000	right	0
8	142949000	144769000	left	0
9	3087000	4828000	left	0
9	4828000	5417000	right	0
9	5417000	6503000	left	0
9	6503000	7546000	right	0
9	12056000	12849000	left	0
9	12849000	13573000	right	0
9	13573000	14314000	left	0
9	14314000	14839000	right	0
9	14839000	15394000	left	0
9	15394000	16067000	right	0
9	18350000	19203000	left	0
9	19203000	20093000	right	0
9	20093000	20667000	left	0
9	20667000	20939000	right	0
9	20939000	22001000	left	0
9	22001000	23005000	right	0
9	32025000	33098000	left	0
9	34522000	35044000	right	0
9	35044000	35728000	left	0
9	35728000	37040000	right	0
9	37040000	37547000	left	0
9	37547000	37750000	right	0
9	70591000	71694000	left	0
9	71694000	72605000	right	0
9	72605000	74853000	left	0
9	74853000	75376000	right	0
9	75519000	75703000	left	0
9	75703000	76505000	right	0
9	77917000	79074000	left	0
9	79074000	80069000	right	0
9	80809000	81411000	right	0
9	84231000	84805000	right	0
9	85994000	86562000	left	0
9	86562000	87203000	right	0
9	87203000	87692000	left	0
9	87692000	88163000	right	0
9	88163000	88737000	left	0
9	88737000	89635000	right	0
9	89635000	90102000	left	0
9	90102000	90583000	right	0
9	91412000	92140000	left	0
9	92140000	93022000	right	0
9	93022000	93905000	left	0
9	93905000	94501000	right	0
9	94501000	95667000	left	0
9	95667000	96541000	right	0
9	96541000	97440000	left	0
9	97440000	98495000	right	0
9	98495000	100786000	left	0
9	100786000	102217000	right	0
9	103266000	103685000	right	0
9	103685000	104173000	left	0
9	104173000	104718000	right	0
9	109228000	110075000	left	0
9	110075000	111215000	right	0
9	111215000	112046000	left	0
9	112046000	112500000	right	0
9	112500000	112963000	left	0
9	112963000	113656000	right	0
9	113656000	114535000	left	0
9	115838000	116245000	left	0
9	116245000	116903000	right	0
9	116903000	117458000	left	0
9	117458000	118637000	right	0
9	122550000	123539000	left	0
9	123539000	125203000	right	0
9	125203000	126187000	left	0
9	126187000	126395000	right	0
9	126395000	126970000	left	0
9	126970000	128869000	right	0
9	128869000	129578000	left	0
9	129578000	129780000	right	0
9	129780000	130340000	left	0
9	132428000	132944000	right	0
9	135272000	135477000	right	0
9	135477000	136123000	left	0
9	136123000	136644000	right	0
9	136644000	137056000	left	0
9	137056000	137737000	right	0
9	137737000	139342000	left	0
9	139342000	139888000	right	0
10	122000	9e+05	left	0
10	9e+05	1713000	right	0
10	2526000	3846000	left	0
10	3846000	4346000	right	0
10	4346000	6053000	left	0
10	6053000	7399000	right	0
10	10873000	11865000	left	0
10	11865000	12743000	right	0
10	12743000	13310000	left	0
10	13310000	14032000	right	0
10	14032000	14774000	left	0
10	14774000	15852000	right	0
10	16373000	17245000	left	0
10	17245000	18520000	right	0
10	20814000	21647000	left	0
10	21647000	22213000	right	0
10	23894000	25146000	left	0
10	25146000	26010000	right	0
10	29345000	30036000	left	0
10	30036000	30503000	right	0
10	30503000	30745000	left	0
10	30745000	31496000	right	0
10	31496000	32384000	left	0
10	32384000	32889000	right	0
10	32889000	33358000	left	0
10	33358000	34766000	right	0
10	34766000	35238000	left	0
10	35238000	36168000	right	0
10	42785000	43849000	left	0
10	43849000	44705000	right	0
10	61144000	61747000	left	0
10	61747000	62247000	right	0
10	62247000	62526000	left	0
10	62526000	63010000	right	0
10	63010000	63728000	left	0
10	63728000	64689000	right	0
10	64689000	65467000	left	0
10	65467000	66136000	right	0
10	68767000	71129000	left	0
10	71129000	71667000	right	0
10	71667000	72359000	left	0
10	72359000	72970000	right	0
10	72970000	73626000	left	0
10	73626000	74165000	right	0
10	75384000	76426000	right	0
10	76426000	76920000	left	0
10	76920000	78428000	right	0
10	78428000	79722000	left	0
10	79722000	80240000	right	0
10	80240000	80828000	left	0
10	80828000	81548000	right	0
10	81548000	82179000	left	0
10	82179000	82847000	right	0
10	85477000	86188000	left	0
10	86188000	86948000	right	0
10	87438000	88337000	left	0
10	88337000	90061000	right	0
10	90061000	90864000	left	0
10	90864000	92154000	right	0
10	93164000	95207000	left	0
10	95207000	96619000	right	0
10	96619000	97204000	left	0
10	97204000	97716000	right	0
10	99358000	100716000	right	0
10	100716000	101745000	left	0
10	101745000	102255000	right	0
10	102255000	102749000	left	0
10	102749000	103254000	right	0
10	103254000	104026000	left	0
10	105945000	106870000	right	0
10	110785000	112111000	left	0
10	112111000	113391000	right	0
10	113391000	114629000	left	0
10	114629000	115174000	right	0
10	115174000	116085000	left	0
10	116085000	117282000	right	0
10	117875000	119163000	left	0
10	119163000	119801000	right	0
10	119801000	120980000	left	0
10	120980000	122177000	right	0
10	122177000	123004000	left	0
10	123004000	123216000	right	0
10	123216000	123928000	left	0
10	123928000	125218000	right	0
10	125218000	126166000	left	0
10	126166000	128130000	right	0
10	129086000	129718000	left	0
10	129718000	130502000	right	0
10	133373000	134238000	left	0
10	134238000	134728000	right	0
11	1299000	1905000	right	0
11	1905000	2364000	left	0
11	2905000	3517000	right	0
11	3901000	4614000	right	0
11	5932000	6551000	left	0
11	6551000	7120000	right	0
11	8075000	9506000	left	0
11	9506000	10147000	right	0
11	10147000	10874000	left	0
11	10874000	11415000	right	0
11	11415000	13168000	left	0
11	13168000	13746000	right	0
11	16253000	17276000	left	0
11	17276000	17845000	right	0
11	17845000	18518000	left	0
11	18518000	19143000	right	0
11	26681000	27307000	left	0
11	27307000	28195000	right	0
11	32287000	33173000	left	0
11	33173000	35762000	right	0
11	35762000	36427000	left	0
11	36427000	37107000	right	0
11	43831000	44884000	left	0
11	44884000	45486000	right	0
11	45486000	46086000	left	0
11	47224000	47703000	left	0
11	47703000	48640000	right	0
11	56314000	57387000	left	0
11	57387000	58284000	right	0
11	58629000	59464000	left	0
11	59464000	60205000	right	0
11	60205000	61540000	left	0
11	62531000	63074000	right	0
11	63074000	63870000	left	0
11	64551000	65145000	right	0
11	65551000	66228000	left	0
11	67161000	67694000	right	0
11	68393000	68777000	left	0
11	69980000	70616000	right	0
11	70616000	71113000	left	0
11	75132000	75762000	right	0
11	76334000	76672000	left	0
11	76672000	77258000	right	0
11	82181000	82795000	left	0
11	82795000	83393000	right	0
11	84761000	85592000	left	0
11	85592000	85953000	right	0
11	85953000	86385000	left	0
11	86385000	87247000	right	0
11	92549000	94454000	left	0
11	94454000	95418000	right	0
11	95418000	96011000	left	0
11	96011000	96933000	right	0
11	101122000	102222000	left	0
11	102222000	103562000	right	0
11	107138000	108434000	left	0
11	108434000	109257000	right	0
11	110610000	111618000	left	0
11	111758000	112803000	right	0
11	112803000	113498000	left	0
11	113498000	114296000	right	0
11	115694000	116844000	left	0
11	116844000	117530000	right	0
11	117530000	118133000	left	0
11	118838000	119627000	right	0
11	119627000	120098000	left	0
11	120098000	120894000	right	0
11	120894000	121275000	left	0
11	121275000	121835000	right	0
11	121835000	122617000	left	0
11	122617000	123973000	right	0
11	123973000	124698000	left	0
11	124698000	125284000	right	0
11	125284000	126011000	left	0
11	126011000	126837000	right	0
11	127730000	129840000	left	0
11	129840000	131184000	right	0
12	674000	1273000	right	0
12	1273000	1810000	left	0
12	1810000	2484000	right	0
12	2484000	3115000	left	0
12	3115000	3956000	right	0
12	5149000	6924000	left	0
12	6924000	7746000	right	0
12	11209000	11926000	left	0
12	12610000	14150000	right	0
12	15079000	15866000	left	0
12	15866000	17012000	right	0
12	18619000	19247000	left	0
12	25526000	26377000	left	0
12	26377000	26641000	right	0
12	27617000	28537000	right	0
12	30320000	32821000	left	0
12	32821000	33852000	right	0
12	46780000	47201000	right	0
12	47201000	48227000	left	0
12	48227000	48750000	right	0
12	48750000	49375000	left	0
12	51529000	52023000	right	0
12	52023000	52557000	left	0
12	52557000	53593000	right	0
12	54336000	54735000	left	0
12	54735000	55408000	right	0
12	55408000	56318000	left	0
12	57132000	57851000	left	0
12	57851000	58967000	right	0
12	62191000	63049000	left	0
12	63049000	63822000	right	0
12	63822000	64974000	left	0
12	64974000	65580000	right	0
12	65580000	66010000	left	0
12	66010000	67176000	right	0
12	68475000	69892000	left	0
12	70050000	70765000	right	0
12	75261000	76082000	left	0
12	76499000	77994000	right	0
12	88004000	89621000	left	0
12	89621000	90956000	right	0
12	92590000	93637000	left	0
12	93637000	94684000	right	0
12	94684000	95982000	left	0
12	95982000	97442000	right	0
12	98242000	98982000	left	0
12	98982000	99638000	right	0
12	101279000	102068000	left	0
12	102068000	102734000	right	0
12	103557000	104633000	left	0
12	104633000	105153000	right	0
12	105153000	105651000	left	0
12	105651000	106245000	right	0
12	106245000	106703000	left	0
12	108400000	109232000	left	0
12	109232000	109716000	right	0
12	109716000	110755000	left	0
12	110755000	111473000	right	0
12	111473000	112183000	left	0
12	112320000	113130000	right	0
12	113130000	113575000	left	0
12	113575000	114552000	right	0
12	116326000	117012000	left	0
12	117569000	118218000	right	0
12	118218000	118441000	left	0
12	123791000	124339000	right	0
12	124339000	124881000	left	0
12	124881000	126255000	right	0
12	131725000	132547000	left	0
13	19690000	20731000	left	0
13	21153000	21747000	right	0
13	21747000	21990000	left	0
13	21990000	22895000	right	0
13	23669000	24726000	left	0
13	24726000	25622000	right	0
13	26985000	27706000	left	0
13	27706000	28104000	right	0
13	28104000	28527000	left	0
13	28527000	29183000	right	0
13	29705000	31327000	left	0
13	31327000	32117000	right	0
13	32117000	32571000	left	0
13	32794000	33923000	left	0
13	33923000	34607000	right	0
13	39979000	41821000	left	0
13	41821000	42229000	right	0
13	42229000	42585000	left	0
13	42585000	43212000	right	0
13	44018000	44877000	left	0
13	45563000	45896000	left	0
13	45896000	46662000	right	0
13	46662000	47093000	left	0
13	47093000	48097000	right	0
13	48097000	48784000	left	0
13	49463000	50043000	left	0
13	50043000	51364000	right	0
13	51364000	52121000	left	0
13	52121000	53238000	right	0
13	53238000	53589000	left	0
13	53589000	54235000	right	0
13	72649000	73483000	left	0
13	74075000	75406000	right	0
13	75406000	76139000	left	0
13	76139000	76903000	right	0
13	77119000	77555000	left	0
13	79374000	80050000	left	0
13	80336000	80735000	left	0
13	80735000	81525000	right	0
13	95366000	96040000	left	0
13	96040000	96867000	right	0
13	97008000	97716000	left	0
13	97716000	98435000	right	0
13	98435000	99339000	left	0
13	99339000	99577000	right	0
13	99577000	99920000	left	0
13	99920000	100541000	right	0
13	105988000	106879000	left	0
13	106879000	107676000	right	0
13	108727000	109154000	right	0
13	109933000	111335000	left	0
13	111335000	112484000	right	0
13	112484000	113781000	left	0
13	113781000	114154000	right	0
14	20165000	20919000	left	0
14	20919000	22356000	right	0
14	22356000	23142000	left	0
14	23142000	23302000	right	0
14	23302000	23626000	left	0
14	23626000	24140000	right	0
14	24140000	24731000	left	0
14	24731000	25404000	right	0
14	30647000	31656000	left	0
14	31656000	32123000	right	0
14	32123000	32470000	left	0
14	32470000	33209000	right	0
14	33768000	34545000	left	0
14	34545000	34701000	right	0
14	34701000	35029000	left	0
14	35029000	35374000	right	0
14	35374000	35808000	left	0
14	35808000	36826000	right	0
14	38903000	39650000	left	0
14	39650000	40451000	right	0
14	44995000	45447000	left	0
14	49454000	50235000	left	0
14	50235000	50483000	right	0
14	50483000	50858000	left	0
14	51164000	52244000	right	0
14	52244000	53144000	left	0
14	53144000	53671000	right	0
14	53671000	54539000	left	0
14	55385000	57419000	right	0
14	57419000	58679000	left	0
14	58679000	59321000	right	0
14	60680000	61157000	left	0
14	61260000	61404000	right	0
14	61404000	62065000	left	0
14	62065000	62876000	right	0
14	63400000	64224000	left	0
14	64224000	64527000	right	0
14	65488000	66654000	right	0
14	66918000	67138000	right	0
14	67138000	68031000	left	0
14	68031000	68589000	right	0
14	68589000	69198000	left	0
14	69198000	69902000	right	0
14	69902000	70049000	left	0
14	70049000	70593000	right	0
14	70593000	71187000	left	0
14	71733000	72729000	right	0
14	72872000	73734000	left	0
14	74007000	74371000	right	0
14	74371000	74522000	left	0
14	74522000	74881000	right	0
14	74881000	75911000	left	0
14	75911000	76889000	right	0
14	76889000	77483000	left	0
14	77483000	77810000	right	0
14	77810000	78115000	left	0
14	78115000	78903000	right	0
14	87625000	88515000	left	0
14	88515000	89079000	right	0
14	89799000	90125000	left	0
14	90125000	90389000	right	0
14	90389000	90930000	left	0
14	90930000	91406000	right	0
14	91406000	91770000	left	0
14	91770000	92608000	right	0
14	92608000	93503000	left	0
14	93503000	94048000	right	0
14	94048000	94502000	left	0
14	94502000	95361000	right	0
14	95361000	95888000	left	0
14	95888000	96318000	right	0
14	96318000	96668000	left	0
14	96668000	97704000	right	0
14	98944000	100086000	left	0
14	100086000	100386000	right	0
14	100386000	100671000	left	0
14	100671000	101644000	right	0
14	101644000	102631000	left	0
14	102631000	103006000	right	0
14	103006000	103389000	left	0
14	103389000	103788000	right	0
14	103788000	104085000	left	0
14	104516000	104874000	right	0
14	104874000	105649000	left	0
14	105649000	106539000	right	0
15	22467000	23016000	left	0
15	23016000	23907000	right	0
15	29275000	30084000	left	0
15	30084000	30587000	right	0
15	30587000	31687000	left	0
15	31687000	32484000	right	0
15	32484000	32976000	left	0
15	32976000	33145000	right	0
15	33324000	33832000	right	0
15	33832000	34583000	left	0
15	34583000	35116000	right	0
15	37194000	37827000	right	0
15	37827000	38391000	left	0
15	38391000	38887000	right	0
15	38887000	40608000	left	0
15	40608000	41136000	right	0
15	42396000	42888000	right	0
15	42888000	43945000	left	0
15	43945000	44246000	right	0
15	44246000	44539000	left	0
15	44539000	44737000	right	0
15	45068000	45394000	left	0
15	45394000	45665000	right	0
15	45665000	45804000	left	0
15	45804000	46784000	right	0
15	48750000	51032000	left	0
15	51032000	51501000	right	0
15	51501000	52277000	left	0
15	52277000	53319000	right	0
15	55113000	56363000	left	0
15	56363000	56652000	right	0
15	56652000	57082000	left	0
15	57306000	57922000	left	0
15	57922000	58343000	right	0
15	58343000	58806000	left	0
15	58806000	59131000	right	0
15	59131000	59581000	left	0
15	59581000	60267000	right	0
15	60267000	60673000	left	0
15	60673000	61556000	right	0
15	61784000	62447000	left	0
15	62447000	62726000	right	0
15	62726000	63740000	left	0
15	63740000	64022000	right	0
15	64022000	64307000	left	0
15	64307000	64922000	right	0
15	64922000	65529000	left	0
15	65529000	65928000	right	0
15	65928000	66208000	left	0
15	66208000	66505000	right	0
15	66505000	67012000	left	0
15	67012000	67260000	right	0
15	67484000	67837000	right	0
15	67837000	68148000	left	0
15	68148000	68955000	right	0
15	68955000	69812000	left	0
15	69812000	70240000	right	0
15	70438000	70936000	left	0
15	70936000	71666000	right	0
15	71666000	72552000	left	0
15	72552000	73423000	right	0
15	73423000	74371000	left	0
15	74371000	75360000	right	0
15	75360000	75900000	left	0
15	75900000	76984000	right	0
15	76984000	77333000	left	0
15	77333000	77611000	right	0
15	77611000	77813000	left	0
15	77813000	77951000	right	0
15	77951000	78358000	left	0
15	78358000	78991000	right	0
15	78991000	79232000	left	0
15	79232000	79884000	right	0
15	79884000	81100000	left	0
15	81202000	82018000	right	0
15	82018000	83191000	left	0
15	83191000	84294000	right	0
15	84294000	85132000	left	0
15	85665000	86082000	right	0
15	88630000	89530000	left	0
15	89530000	90796000	right	0
15	90796000	91129000	left	0
15	91401000	92604000	right	0
15	92604000	93412000	left	0
15	93412000	94180000	right	0
15	99328000	99992000	left	0
15	99992000	100647000	right	0
15	100647000	101258000	left	0
15	101258000	101527000	right	0
15	101527000	101750000	left	0
16	801000	946000	right	0
16	946000	1320000	left	0
16	1320000	1719000	right	0
16	1719000	1864000	left	0
16	1864000	2042000	right	0
16	2241000	2617000	left	0
16	2617000	3489000	right	0
16	3489000	3714000	left	0
16	4273000	4603000	left	0
16	4897000	5930000	right	0
16	8059000	9056000	left	0
16	9056000	9687000	right	0
16	9687000	10854000	left	0
16	10854000	11036000	right	0
16	11036000	11430000	left	0
16	11430000	12458000	right	0
16	12458000	12701000	left	0
16	12701000	13421000	right	0
16	13565000	14153000	left	0
16	15342000	15743000	left	0
16	15743000	16172000	right	0
16	18139000	19087000	left	0
16	19087000	20387000	right	0
16	20387000	21617000	left	0
16	21617000	21871000	right	0
16	21871000	22271000	left	0
16	22271000	23010000	right	0
16	23010000	23702000	left	0
16	23702000	24290000	right	0
16	24290000	24926000	left	0
16	24926000	25595000	right	0
16	26424000	27336000	left	0
16	27336000	27698000	right	0
16	27698000	28774000	left	0
16	28774000	29138000	right	0
16	29932000	30357000	left	0
16	30943000	32117000	right	0
16	46361000	46907000	left	0
16	46907000	47604000	right	0
16	47848000	48475000	left	0
16	48475000	49461000	right	0
16	49813000	50244000	left	0
16	50244000	50712000	right	0
16	51799000	52584000	left	0
16	52584000	52980000	right	0
16	55949000	57169000	left	0
16	57643000	58410000	right	0
16	58410000	58621000	left	0
16	58621000	59107000	right	0
16	65836000	66630000	left	0
16	66630000	66957000	right	0
16	66957000	67280000	left	0
16	67280000	68174000	right	0
16	68174000	68362000	left	0
16	68362000	69484000	right	0
16	69484000	69866000	left	0
16	69866000	70249000	right	0
16	70249000	70617000	left	0
16	70617000	71072000	right	0
16	71072000	71425000	left	0
16	71661000	71839000	left	0
16	71839000	72677000	right	0
16	72677000	73105000	left	0
16	73105000	73565000	right	0
16	73751000	74805000	left	0
16	74805000	75029000	right	0
16	75029000	75255000	left	0
16	75255000	76335000	right	0
16	80025000	81561000	left	0
16	81561000	82815000	right	0
16	83407000	84554000	left	0
16	85097000	85401000	right	0
16	85401000	85680000	left	0
16	85680000	86340000	right	0
16	86340000	86634000	left	0
16	86634000	87037000	right	0
16	87037000	87855000	left	0
16	88440000	88900000	left	0
16	88900000	89119000	right	0
16	89324000	89564000	right	0
17	392000	581000	right	0
17	581000	1010000	left	0
17	1010000	1591000	right	0
17	1591000	1887000	left	0
17	1887000	2214000	right	0
17	2214000	2629000	left	0
17	2629000	3162000	right	0
17	3162000	3724000	left	0
17	3724000	4215000	right	0
17	4215000	4918000	left	0
17	4918000	5518000	right	0
17	5518000	5789000	left	0
17	5789000	6047000	right	0
17	6047000	7194000	left	0
17	7194000	7490000	right	0
17	7490000	7771000	left	0
17	7771000	7981000	right	0
17	8160000	10366000	right	0
17	10366000	10669000	left	0
17	10669000	11185000	right	0
17	14531000	15351000	left	0
17	15351000	15685000	right	0
17	16103000	16678000	left	0
17	16678000	16983000	right	0
17	16983000	17609000	left	0
17	17609000	17920000	right	0
17	17920000	18067000	left	0
17	18067000	18389000	right	0
17	18389000	19117000	left	0
17	19117000	19460000	right	0
17	20332000	20658000	right	0
17	20658000	21066000	left	0
17	21066000	22026000	right	0
17	25239000	25692000	left	0
17	25692000	26082000	right	0
17	26082000	26770000	left	0
17	26985000	27348000	left	0
17	27348000	28203000	right	0
17	28203000	28538000	left	0
17	28538000	28790000	right	0
17	28790000	29010000	left	0
17	29010000	29587000	right	0
17	29587000	29836000	left	0
17	29836000	30055000	right	0
17	30055000	30362000	left	0
17	30362000	31081000	right	0
17	31081000	31299000	left	0
17	31299000	31921000	right	0
17	32717000	33993000	left	0
17	33993000	34765000	right	0
17	34765000	35344000	left	0
17	35344000	35499000	right	0
17	35760000	36080000	left	0
17	36080000	36349000	right	0
17	36349000	36693000	left	0
17	38027000	38309000	right	0
17	38309000	38552000	left	0
17	38780000	39239000	right	0
17	39239000	39560000	left	0
17	39560000	39713000	right	0
17	39713000	40167000	left	0
17	40167000	40749000	right	0
17	40749000	41003000	left	0
17	41003000	41454000	right	0
17	41454000	42262000	left	0
17	42262000	42609000	right	0
17	42609000	43124000	left	0
17	43124000	43922000	right	0
17	43922000	44321000	left	0
17	44321000	45136000	right	0
17	45136000	45470000	left	0
17	45470000	45596000	right	0
17	45596000	45764000	left	0
17	46168000	46515000	right	0
17	46515000	46907000	left	0
17	46907000	47288000	right	0
17	47288000	48037000	left	0
17	48598000	49051000	right	0
17	49051000	49317000	left	0
17	49317000	50051000	right	0
17	52936000	53481000	left	0
17	53481000	54146000	right	0
17	54301000	55191000	left	0
17	55191000	55537000	right	0
17	55537000	55876000	left	0
17	55876000	56107000	right	0
17	56107000	56325000	left	0
17	56325000	57019000	right	0
17	57019000	58223000	left	0
17	58223000	59169000	right	0
17	59169000	60120000	left	0
17	60120000	60513000	right	0
17	60513000	60856000	left	0
17	60856000	61201000	right	0
17	61201000	61616000	left	0
17	61616000	61763000	right	0
17	61763000	62019000	left	0
17	62019000	62374000	right	0
17	62374000	63129000	left	0
17	63129000	63905000	right	0
17	63905000	64323000	left	0
17	64323000	64703000	right	0
17	64703000	65868000	left	0
17	65868000	66981000	right	0
17	66981000	67353000	left	0
17	67353000	67905000	right	0
17	68420000	69321000	left	0
17	69321000	69637000	right	0
17	69637000	70168000	left	0
17	70168000	70514000	right	0
17	70514000	70779000	left	0
17	70779000	71028000	right	0
17	71028000	71329000	left	0
17	71329000	71855000	right	0
17	71990000	72388000	left	0
17	72388000	72638000	right	0
17	72638000	72832000	left	0
17	72832000	73159000	right	0
17	73159000	73461000	left	0
17	73461000	73765000	right	0
17	73765000	74176000	left	0
17	74176000	74618000	right	0
17	74618000	75368000	left	0
17	75368000	75677000	right	0
17	75677000	76275000	left	0
17	76275000	76598000	right	0
17	76598000	76742000	left	0
17	76742000	76869000	right	0
17	76869000	77058000	left	0
17	77058000	77393000	right	0
17	77393000	78026000	left	0
17	78026000	78591000	right	0
17	78591000	79049000	left	0
17	79049000	79668000	right	0
17	79668000	79811000	left	0
18	263000	807000	left	0
18	807000	1536000	right	0
18	1919000	3060000	left	0
18	3060000	3378000	right	0
18	3378000	3710000	left	0
18	3710000	4523000	right	0
18	8221000	9059000	left	0
18	9248000	9719000	left	0
18	9719000	11163000	right	0
18	11370000	12441000	left	0
18	12721000	13549000	right	0
18	19817000	19953000	left	0
18	19953000	20251000	right	0
18	20251000	20709000	left	0
18	21080000	21304000	right	0
18	28060000	29124000	left	0
18	29124000	29348000	right	0
18	29348000	29587000	left	0
18	29587000	29950000	right	0
18	32156000	32531000	left	0
18	32531000	32775000	right	0
18	32775000	33089000	left	0
18	33089000	33428000	right	0
18	42430000	43474000	left	0
18	43474000	43624000	right	0
18	44901000	46359000	left	0
18	46359000	46734000	right	0
18	46734000	47109000	left	0
18	47109000	47558000	right	0
18	47558000	47669000	left	0
18	47669000	48094000	right	0
18	48094000	48408000	left	0
18	48408000	49317000	right	0
18	51425000	52466000	left	0
18	52466000	53391000	right	0
18	53604000	55257000	left	0
18	55257000	55381000	right	0
18	55381000	55713000	left	0
18	55713000	57204000	right	0
18	57204000	57572000	left	0
18	59125000	60116000	left	0
18	60116000	60771000	right	0
18	60771000	61084000	left	0
18	61084000	61449000	right	0
18	67023000	68058000	left	0
18	68058000	68994000	right	0
18	71216000	71912000	left	0
18	71912000	72030000	right	0
18	72030000	72161000	left	0
18	72161000	72679000	right	0
18	73852000	74261000	left	0
18	74798000	75294000	right	0
19	410000	490000	right	0
19	490000	595000	left	0
19	595000	821000	right	0
19	821000	940000	left	0
19	940000	1180000	right	0
19	1180000	1465000	left	0
19	1465000	1693000	right	0
19	1693000	1919000	left	0
19	1919000	2527000	right	0
19	2527000	2787000	left	0
19	2787000	3318000	right	0
19	3318000	3563000	left	0
19	3563000	3867000	right	0
19	3867000	3974000	left	0
19	3974000	4194000	right	0
19	4194000	4501000	left	0
19	4501000	4745000	right	0
19	4745000	4939000	left	0
19	4939000	5379000	right	0
19	5379000	5875000	left	0
19	5875000	6177000	right	0
19	6177000	6467000	left	0
19	6467000	7121000	right	0
19	7121000	7603000	left	0
19	7603000	7707000	right	0
19	7707000	7949000	left	0
19	7949000	8267000	right	0
19	8267000	8472000	left	0
19	8472000	9030000	right	0
19	9030000	9240000	left	0
19	9240000	9467000	right	0
19	9467000	10530000	left	0
19	10530000	10777000	right	0
19	10777000	11513000	left	0
19	11513000	12182000	right	0
19	12182000	12870000	left	0
19	13015000	13254000	left	0
19	13254000	13595000	right	0
19	13595000	14236000	left	0
19	14236000	14471000	right	0
19	14471000	14562000	left	0
19	14562000	15012000	right	0
19	15012000	15328000	left	0
19	15328000	15763000	right	0
19	15763000	16201000	left	0
19	16201000	16369000	right	0
19	16369000	16668000	left	0
19	16668000	16972000	right	0
19	16972000	17414000	left	0
19	17414000	17719000	right	0
19	17719000	17958000	left	0
19	17958000	18541000	right	0
19	18541000	18924000	left	0
19	18924000	19489000	right	0
19	19489000	19672000	left	0
19	19672000	20725000	right	0
19	32489000	33736000	left	0
19	33736000	34236000	right	0
19	34236000	34905000	left	0
19	34905000	35243000	right	0
19	35243000	35639000	left	0
19	35639000	35977000	right	0
19	35977000	36237000	left	0
19	36237000	37438000	right	0
19	37800000	38850000	left	0
19	38850000	39316000	right	0
19	39316000	39590000	left	0
19	39590000	39728000	right	0
19	39728000	39924000	left	0
19	39924000	40313000	right	0
19	40433000	41087000	left	0
19	41087000	41442000	right	0
19	41442000	41558000	left	0
19	41558000	41760000	right	0
19	41760000	41887000	left	0
19	41887000	42092000	right	0
19	42092000	42322000	left	0
19	42322000	42420000	right	0
19	42420000	42825000	left	0
19	42825000	43470000	right	0
19	43470000	44072000	left	0
19	44072000	44614000	right	0
19	44614000	44736000	left	0
19	44736000	44921000	right	0
19	44921000	45156000	left	0
19	45156000	45234000	right	0
19	45234000	45772000	left	0
19	45772000	46129000	right	0
19	46129000	46404000	left	0
19	46404000	46683000	right	0
19	46683000	47199000	left	0
19	47199000	47744000	right	0
19	47744000	48186000	left	0
19	48186000	48498000	right	0
19	48498000	48777000	left	0
19	48777000	49271000	right	0
19	49271000	49586000	left	0
19	49586000	49794000	right	0
19	49794000	50446000	left	0
19	50446000	50673000	right	0
19	50673000	50887000	left	0
19	50887000	51070000	right	0
19	51070000	51280000	left	0
19	51280000	51488000	right	0
19	51488000	51643000	left	0
19	51643000	52410000	right	0
19	53311000	54639000	left	0
19	54639000	55188000	right	0
19	55188000	55748000	left	0
19	55932000	56506000	right	0
19	56506000	56598000	left	0
19	56598000	57090000	right	0
20	88000	473000	left	0
20	473000	1069000	right	0
20	1069000	1354000	left	0
20	1354000	1988000	right	0
20	1988000	2613000	left	0
20	2613000	2801000	right	0
20	2801000	3128000	left	0
20	3128000	3421000	right	0
20	3421000	3750000	left	0
20	3750000	3919000	right	0
20	3919000	4120000	left	0
20	4120000	4782000	right	0
20	4782000	5052000	left	0
20	5052000	5276000	right	0
20	5276000	5648000	left	0
20	5648000	6406000	right	0
20	6406000	6676000	left	0
20	6676000	7416000	right	0
20	9322000	9596000	left	0
20	10054000	10720000	left	0
20	10720000	11007000	right	0
20	12457000	12975000	left	0
20	12975000	13439000	right	0
20	16867000	17859000	left	0
20	17859000	19014000	right	0
20	19014000	19747000	left	0
20	19747000	20543000	right	0
20	20543000	20712000	left	0
20	20712000	21033000	right	0
20	21700000	22436000	left	0
20	22436000	22992000	right	0
20	22992000	23110000	left	0
20	23926000	25417000	left	0
20	25417000	25861000	right	0
20	29548000	30138000	left	0
20	30416000	30651000	right	0
20	30651000	30986000	left	0
20	30986000	31614000	right	0
20	31614000	32011000	left	0
20	32011000	32273000	right	0
20	32273000	32566000	left	0
20	32566000	32891000	right	0
20	32891000	33264000	left	0
20	33264000	33706000	right	0
20	33706000	33944000	left	0
20	33944000	34240000	right	0
20	34240000	34442000	left	0
20	34904000	35244000	left	0
20	35244000	35718000	right	0
20	35718000	35966000	left	0
20	35966000	36398000	right	0
20	36398000	36862000	left	0
20	36862000	37969000	right	0
20	38813000	39660000	left	0
20	39660000	40734000	right	0
20	41515000	42273000	left	0
20	42273000	42549000	right	0
20	42549000	42814000	left	0
20	42814000	42935000	right	0
20	42935000	43288000	left	0
20	43288000	43749000	right	0
20	43749000	44023000	left	0
20	44023000	44266000	right	0
20	44266000	44525000	left	0
20	44525000	45091000	right	0
20	45091000	45376000	left	0
20	45376000	45477000	right	0
20	45477000	46052000	left	0
20	46052000	46975000	right	0
20	46975000	47841000	left	0
20	47841000	48078000	right	0
20	48387000	48654000	left	0
20	48654000	49325000	right	0
20	49325000	49524000	left	0
20	49524000	49814000	right	0
20	49814000	50149000	left	0
20	50149000	50409000	right	0
20	51625000	52272000	left	0
20	52272000	53215000	right	0
20	55335000	55876000	left	0
20	55876000	56368000	right	0
20	56368000	56661000	left	0
20	56661000	57253000	right	0
20	57253000	57585000	left	0
20	57585000	58132000	right	0
20	58132000	58421000	left	0
20	58421000	58913000	right	0
20	60016000	60755000	left	0
20	60755000	60853000	right	0
20	60853000	61110000	left	0
20	61110000	61469000	right	0
20	61469000	61577000	left	0
20	61577000	61788000	right	0
20	61788000	62302000	left	0
20	62302000	62520000	right	0
21	16032000	16409000	left	0
21	16409000	16815000	right	0
21	16815000	17088000	left	0
21	17088000	17266000	right	0
21	17982000	18904000	left	0
21	18904000	19849000	right	0
21	29717000	30622000	left	0
21	30622000	31490000	right	0
21	32096000	33001000	left	0
21	33001000	33368000	right	0
21	33368000	33800000	left	0
21	33800000	34142000	right	0
21	34142000	34681000	left	0
21	34681000	34744000	right	0
21	34744000	34880000	left	0
21	34880000	35150000	right	0
21	35150000	35263000	left	0
21	35263000	35443000	right	0
21	35443000	35504000	left	0
21	35504000	35644000	right	0
21	35644000	35951000	left	0
21	35951000	36058000	right	0
21	36058000	36206000	left	0
21	36206000	36399000	right	0
21	36399000	36531000	left	0
21	36531000	36895000	right	0
21	36895000	37429000	left	0
21	37429000	37497000	right	0
21	37497000	37646000	left	0
21	37646000	38160000	right	0
21	38160000	38389000	left	0
21	38389000	38527000	right	0
21	38527000	38596000	left	0
21	38596000	38821000	right	0
21	38821000	38869000	left	0
21	38922000	39355000	right	0
21	39529000	40163000	left	0
21	40163000	40579000	right	0
21	40579000	40722000	left	0
21	40722000	40869000	right	0
21	40869000	40993000	left	0
21	40993000	41701000	right	0
21	41872000	42769000	left	0
21	42769000	42927000	right	0
21	42927000	43016000	left	0
21	43016000	43201000	right	0
21	43201000	43504000	left	0
21	43504000	43636000	right	0
21	43636000	43768000	left	0
21	43768000	43832000	right	0
21	43832000	43967000	left	0
21	43967000	44108000	right	0
21	44108000	44181000	left	0
21	44248000	44306000	right	0
21	44306000	44513000	left	0
21	44513000	44638000	right	0
21	44638000	44869000	left	0
21	44869000	45143000	right	0
21	45143000	45350000	left	0
21	45350000	45632000	right	0
21	45632000	45835000	left	0
21	45835000	46018000	right	0
21	46018000	46150000	left	0
21	46150000	46265000	right	0
21	46265000	46441000	left	0
21	46441000	46599000	right	0
21	46599000	46741000	left	0
21	46741000	46894000	right	0
21	47242000	47569000	left	0
22	17411000	18304000	left	0
22	18304000	18449000	right	0
22	18449000	18505000	left	0
22	18505000	18756000	right	0
22	18756000	19101000	left	0
22	19101000	19377000	right	0
22	19377000	19772000	left	0
22	19772000	20085000	right	0
22	20085000	20227000	left	0
22	20227000	20490000	right	0
22	20490000	20721000	left	0
22	20721000	20862000	right	0
22	20862000	20911000	left	0
22	20911000	21052000	right	0
22	21052000	21366000	left	0
22	21366000	21585000	right	0
22	21585000	21799000	left	0
22	21799000	21885000	right	0
22	21885000	22004000	left	0
22	22004000	22711000	right	0
22	22711000	23047000	left	0
22	23047000	23228000	right	0
22	23228000	23469000	left	0
22	23469000	23581000	right	0
22	23581000	23719000	left	0
22	23719000	23821000	right	0
22	23821000	24117000	left	0
22	24117000	24401000	right	0
22	24401000	24580000	left	0
22	24580000	24728000	right	0
22	24728000	24867000	left	0
22	24867000	25214000	right	0
22	25214000	25336000	left	0
22	25336000	25673000	right	0
22	25673000	25787000	left	0
22	25787000	26502000	right	0
22	26502000	26979000	left	0
22	26979000	27186000	right	0
22	27186000	27512000	left	0
22	27512000	27839000	right	0
22	27839000	28076000	left	0
22	28446000	28589000	right	0
22	28589000	29212000	left	0
22	29212000	29262000	right	0
22	29262000	29400000	left	0
22	29400000	29543000	right	0
22	29543000	29682000	left	0
22	29682000	29857000	right	0
22	29857000	30027000	left	0
22	30027000	30084000	right	0
22	30084000	30139000	left	0
22	30139000	30290000	right	0
22	30290000	30360000	left	0
22	30360000	30621000	right	0
22	30621000	30966000	left	0
22	30966000	31105000	right	0
22	31105000	31164000	left	0
22	31164000	31336000	right	0
22	31336000	31501000	left	0
22	31501000	31630000	right	0
22	31630000	31710000	left	0
22	31710000	31904000	right	0
22	31904000	32119000	left	0
22	32119000	32253000	right	0
22	32253000	32322000	left	0
22	32322000	32463000	right	0
22	32463000	32520000	left	0
22	32520000	33023000	right	0
22	35002000	35714000	left	0
22	35714000	35896000	right	0
22	35896000	36042000	left	0
22	36042000	36306000	right	0
22	36306000	36455000	left	0
22	36455000	36522000	right	0
22	36522000	36653000	left	0
22	36653000	36808000	right	0
22	36808000	37084000	left	0
22	37084000	37261000	right	0
22	37261000	37458000	left	0
22	37458000	37640000	right	0
22	37640000	37757000	left	0
22	37757000	37947000	right	0
22	37947000	38083000	left	0
22	38083000	38213000	right	0
22	38213000	38435000	left	0
22	38435000	38576000	right	0
22	38576000	38781000	left	0
22	38781000	39014000	right	0
22	39014000	39163000	left	0
22	39163000	39302000	right	0
22	39302000	39436000	left	0
22	39436000	39573000	right	0
22	39573000	39838000	left	0
22	39838000	39909000	right	0
22	39909000	40039000	left	0
22	40039000	40255000	right	0
22	40255000	40389000	left	0
22	40389000	40553000	right	0
22	40553000	40861000	left	0
22	40861000	40917000	right	0
22	40917000	41060000	left	0
22	41060000	41198000	right	0
22	41198000	41322000	left	0
22	41322000	41640000	right	0
22	41640000	41791000	left	0
22	41791000	41873000	right	0
22	41873000	41998000	left	0
22	41998000	42100000	right	0
22	42100000	42264000	left	0
22	42264000	42417000	right	0
22	42417000	42494000	left	0
22	42494000	42610000	right	0
22	42610000	42758000	left	0
22	42758000	42941000	right	0
22	42941000	43039000	left	0
22	43039000	43412000	right	0
22	43412000	43661000	left	0
22	43661000	44077000	right	0
22	44077000	44331000	left	0
22	44331000	44563000	right	0
22	44563000	45184000	left	0
22	45184000	45382000	right	0
22	45382000	45662000	left	0
22	45662000	45804000	right	0
22	45804000	45869000	left	0
22	45869000	45985000	right	0
22	45985000	46073000	left	0
22	46073000	46207000	right	0
22	46207000	46345000	left	0
22	46345000	46409000	right	0
22	46409000	46529000	left	0
22	46529000	46682000	right	0
22	46682000	46776000	left	0
22	46776000	46887000	right	0
22	46887000	47018000	left	0
22	47018000	47169000	right	0
22	47169000	47216000	left	0
22	47216000	47363000	right	0
22	47363000	47421000	left	0
22	47421000	48054000	right	0
22	49510000	50153000	left	0
22	50153000	50274000	right	0
22	50274000	50338000	left	0
22	50338000	50485000	right	0
22	50485000	50634000	left	0
22	50634000	50835000	right	0
X	1820000	2629000	left	0
X	2629000	3466000	right	0
X	16130000	16744000	left	0
X	16744000	17436000	right	0
X	24029000	24764000	right	0
X	40221000	40942000	left	0
X	45184000	46137000	left	0
X	46137000	47856000	right	0
X	68164000	68933000	right	0
X	151460000	153260000	left	0
X	153260000	154552000	right	0
Y	2692000	2781000	left	0
Y	2781000	2876000	right	0
Y	2876000	2886000	left	0
Y	2886000	3007000	right	0
Y	3678000	3718000	right	0
Y	3718000	3761000	left	0
Y	3761000	3816000	right	0
Y	3816000	4054000	left	0
Y	4054000	4173000	right	0
Y	4173000	4323000	left	0
Y	4323000	4514000	right	0
Y	4518000	4784000	left	0
Y	4784000	4964000	right	0
Y	4964000	5125000	left	0
Y	5125000	5220000	right	0
Y	5220000	5333000	left	0
Y	5488000	5790000	right	0
Y	5790000	5950000	left	0
Y	5950000	6643000	right	0
Y	6643000	6669000	left	0
Y	6669000	6702000	right	0
Y	6702000	6755000	left	0
Y	6755000	6790000	right	0
Y	6790000	6841000	left	0
Y	6841000	6914000	right	0
Y	6914000	6990000	left	0
Y	6990000	7028000	right	0
Y	7028000	7064000	left	0
Y	7064000	7099000	right	0
Y	7099000	7147000	left	0
Y	7147000	7201000	right	0
Y	7201000	7312000	left	0
Y	7312000	7393000	right	0
Y	7393000	7621000	left	0
Y	7621000	7689000	right	0
Y	7689000	7752000	left	0
Y	7752000	7822000	right	0
Y	7822000	7887000	left	0
Y	7887000	7961000	right	0
Y	7961000	8077000	left	0
Y	8077000	8140000	right	0
Y	8140000	8203000	left	0
Y	8203000	8344000	right	0
Y	8344000	8406000	left	0
Y	8406000	8457000	right	0
Y	8457000	8512000	left	0
Y	8512000	8570000	right	0
Y	8592000	8638000	right	0
Y	8638000	8715000	left	0
Y	8757000	8818000	right	0
Y	8818000	8900000	left	0
Y	8900000	9009000	right	0
Y	9009000	9073000	left	0
Y	9073000	9133000	right	0
Y	9133000	9384000	left	0
Y	9384000	9799000	right	0
Y	9799000	9848000	left	0
Y	9848000	9918000	right	0
Y	9927000	9938000	left	0
Y	13109000	13225000	left	0
Y	13225000	13276000	right	0
Y	13507000	13598000	left	0
Y	13598000	13652000	right	0
Y	13878000	13997000	left	0
Y	13997000	14089000	right	0
Y	14089000	14155000	left	0
Y	14155000	14223000	right	0
Y	14223000	14265000	left	0
Y	14265000	14342000	right	0
Y	14342000	14436000	left	0
Y	14436000	14484000	right	0
Y	14484000	14534000	left	0
Y	14534000	14633000	right	0
Y	14633000	14692000	left	0
Y	14692000	14798000	right	0
Y	14798000	14895000	left	0
Y	14895000	14949000	right	0
Y	14949000	15007000	left	0
Y	15007000	15047000	right	0
Y	15047000	15073000	left	0
Y	15073000	15133000	right	0
Y	15133000	15276000	left	0
Y	15276000	15346000	right	0
Y	15346000	15373000	left	0
Y	15373000	15411000	right	0
Y	15411000	15465000	left	0
Y	15465000	15536000	right	0
Y	15536000	15609000	left	0
Y	15609000	15672000	right	0
Y	15672000	15831000	left	0
Y	15831000	15890000	right	0
Y	15890000	15934000	left	0
Y	15934000	15963000	right	0
Y	15963000	16008000	left	0
Y	16008000	16220000	right	0
Y	16220000	16296000	left	0
Y	16296000	16447000	right	0
Y	16447000	16513000	left	0
Y	16513000	16577000	right	0
Y	16577000	16611000	left	0
Y	16611000	16663000	right	0
Y	16663000	16738000	left	0
Y	16738000	16800000	right	0
Y	16800000	16859000	left	0
Y	16859000	17024000	right	0
Y	17024000	17133000	left	0
Y	17133000	17180000	right	0
Y	17180000	17223000	left	0
Y	17223000	17254000	right	0
Y	17281000	17338000	right	0
Y	17338000	17400000	left	0
Y	17400000	17527000	right	0
Y	17527000	17577000	left	0
Y	17577000	17622000	right	0
Y	17622000	17837000	left	0
Y	17837000	17928000	right	0
Y	17928000	17948000	left	0
Y	17948000	18002000	right	0
Y	18002000	18091000	left	0
Y	18091000	18198000	right	0
Y	18198000	18383000	left	0
Y	18383000	18540000	right	0
Y	18540000	18669000	left	0
Y	18669000	18809000	right	0
Y	18809000	18874000	left	0
Y	18874000	18891000	right	0
Y	18891000	18911000	left	0
Y	18911000	19004000	right	0
Y	19004000	19060000	left	0
Y	19060000	19100000	right	0
Y	19100000	19150000	left	0
Y	19150000	19261000	right	0
Y	19261000	19307000	left	0
Y	19307000	19316000	right	0
Y	19316000	19373000	left	0
Y	19373000	19457000	right	0
Y	19457000	19499000	left	0
Y	19499000	20836000	right	0
Y	20836000	21130000	left	0
Y	21130000	21217000	right	0
Y	21217000	21280000	left	0
Y	21280000	21309000	right	0
Y	21309000	21357000	left	0
Y	21357000	21415000	right	0
Y	21415000	21489000	left	0
Y	21489000	21567000	right	0
Y	21567000	21610000	left	0
Y	21610000	21658000	right	0
Y	21658000	21708000	left	0
Y	21708000	21764000	right	0
Y	21764000	21808000	left	0
Y	21808000	21853000	right	0
Y	21853000	21887000	left	0
Y	21887000	21938000	right	0
Y	21938000	22028000	left	0
Y	22028000	22075000	right	0
Y	22075000	22095000	left	0
Y	22095000	22143000	right	0
Y	22143000	22167000	left	0
Y	22167000	22202000	right	0
Y	22202000	22212000	left	0
Y	22212000	22321000	right	0
Y	22321000	22522000	left	0
Y	22522000	22551000	right	0
Y	22551000	22629000	left	0
Y	22629000	22723000	right	0
Y	22723000	22798000	left	0
Y	22857000	22871000	right	0
Y	22871000	22926000	left	0
Y	22926000	23015000	right	0
Y	23015000	23111000	left	0
Y	23111000	23182000	right	0
Y	23182000	23226000	left	0
Y	23226000	23343000	right	0
Y	23343000	23421000	left	0
Y	23421000	23447000	right	0
Y	23447000	23485000	left	0
Y	23485000	23518000	right	0
Y	23518000	23526000	left	0
Y	23526000	23528000	right	0
Y	23528000	23538000	left	0
Y	23538000	23589000	right	0
Y	23589000	23739000	left	0
Y	23739000	23821000	right	0
Y	23821000	23997000	left	0
Y	23997000	24424000	right	0
Y	24424000	28636000	left	0
Y	28636000	28686000	right	0
Y	28686000	28760000	left	0
Y	28760000	28842000	right	0
